numberOfInputs 3
numberOfOutputs 2
numberOfInterNeurons 10
networkDimension 15
networkActivations
0.000000 0.000000 0.000000 0.000000 0.000000 0.000000 0.000000 0.000000 1.000000 0.000000 0.000000 0.000000 0.000000 0.000000 0.000000 
networkOutputs
0.000000 0.000000 0.000000 0.000000 0.000000 0.000000 0.000000 0.000000 1.000000 0.000000 0.000000 0.000000 0.000000 0.000000 0.000000 
neuronThreshold
0.000000 0.000000 0.000000 0.000000 0.000000 0.000000 0.000000 0.000000 0.000000 0.000000 0.000000 0.000000 0.000000 0.000000 0.000000 
neuronLearningRate
0.000000 0.000000 0.000000 0.000000 0.000000 0.000000 0.000000 0.000000 0.000000 0.000000 0.000000 0.000000 0.000000 0.000000 0.000000 
neuronRefactoryState
0.000000 0.000000 0.000000 0.000000 0.000000 0.000000 0.000000 0.000000 0.000000 0.000000 0.000000 0.000000 0.000000 0.000000 0.000000 
neuronWeightTotal
1.000000 1.000000 1.000000 1.000000 1.000000 1.000000 1.000000 1.000000 1.000000 1.000000 1.000000 1.000000 1.000000 1.000000 1.000000 
networkweights
0	0	0	1	0	0	0	0	0	0	0	0	0	0	0
0	0	0	0	0	0	0	1	0	0	0	0	0	0	0
0	0	0	0	1	0	0	0	0	0	0	0	0	0	0
0	0	0	0.2	0.5	0	0	0.5	0	0	0	0	0	0	0
0	0	0	0	0	0	0	0	0	0	0	0	0.4	0	0
0	0	0	0	0	0	0	0	0	0.4	0	0	0	0	0
0	0	0	0	0	0	0	0	0	0	0	0.4	0	0	0
0	0	0	0	0	0	0	0	0	0	0.4	0	0	0	0
0	0	0	0	0	0	0	0	1	0	0	0	0	0.5	0.5
0	0	0	0	0	0	0	0	0	0.1	0	0	0	-0.25	0
0	0	0	0	0	0	0	0	0	0	0.1	0	0	0.25	0
0	0	0	0	0	0	0	0	0	0	0	0.1	0	0	-0.25
0	0	0	0	0	0	0	0	0	0	0	0	0.1	0	0.25
0	0	0	0	0	0	0	0	0	0	0	0	0	0	0
0	0	0	0	0	0	0	0	0	0	0	0	0	0	0


networkinputs
0.000000 00.000000 0.000000 
networkoutputs
0.000000 0.000000 
networkplasticweightsmask
0 0 0 0 0 0 0 0 0 0 0 0 0 0 0 
0 0 0 0 0 0 0 0 0 0 0 0 0 0 0 
0 0 0 0 0 0 0 0 0 0 0 0 0 0 0 
0 0 0 0 0 0 0 0 0 0 0 0 0 0 0 
0 0 0 0 0 0 0 0 0 0 0 0 0 0 0 
0 0 0 0 0 0 0 0 0 0 0 0 0 0 0 
0 0 0 0 0 0 0 0 0 0 0 0 0 0 0 
0 0 0 0 0 0 0 0 0 0 0 0 0 0 0 
0 0 0 0 0 0 0 0 0 0 0 0 0 0 0 
0 0 0 0 0 0 0 0 0 0 0 0 0 0 0 
0 0 0 0 0 0 0 0 0 0 0 0 0 0 0 
0 0 0 0 0 0 0 0 0 0 0 0 0 0 0 
0 0 0 0 0 0 0 0 0 0 0 0 0 0 0 
0 0 0 0 0 0 0 0 0 0 0 0 0 0 0 
0 0 0 0 0 0 0 0 0 0 0 0 0 0 0 

