numberOfInputs 2
numberOfOutputs 2
numberOfInterNeurons 6
networkDimension 10
networkActivations
1.111111 1.111111 0.000000 0.404040 0.404040 0.404040 0.404040 0.897868 0.897868 0.000000 
networkOutputs
1.111111 1.111111 0.000000 0.404040 0.404040 0.404040 0.404040 0.897868 0.897868 0.000000 
networkThresholds
0.000000 0.000000 0.000000 0.000000 0.000000 0.000000 0.000000 0.000000 0.000000 0.000000 
networkweights
0.100000 0.000000 0.000000 0.300000 0.300000 0.300000 0.300000 0.000000 0.000000 0.000000 
0.000000 0.100000 0.000000 0.300000 0.300000 0.300000 0.300000 0.000000 0.000000 0.000000 
0.000000 0.000000 0.100000 0.300000 0.300000 0.300000 0.300000 0.000000 0.000000 0.000000 
0.000000 0.000000 0.000000 0.100000 -0.250000 -0.250000 -0.250000 0.500000 0.500000 0.000000 
0.000000 0.000000 0.000000 -0.250000 0.100000 -0.250000 -0.250000 0.500000 0.500000 0.000000 
0.000000 0.000000 0.000000 -0.250000 -0.250000 0.100000 -0.250000 0.500000 0.500000 0.000000 
0.000000 0.000000 0.000000 -0.250000 -0.250000 -0.250000 0.100000 0.500000 0.500000 0.000000 
0.000000 0.000000 0.000000 0.000000 0.000000 0.000000 0.000000 0.100000 0.000000 0.000000 
0.000000 0.000000 0.000000 0.000000 0.000000 0.000000 0.000000 0.000000 0.100000 0.000000 
0.000000 0.000000 0.000000 0.000000 0.000000 0.000000 0.000000 0.000000 0.000000 0.000000 

networkinputs
1.000000 1.000000 
networkoutputs
0.897868 0.000000 
networkplasticweightsmask
-13108 -13108 -13108 -13108 -13108 -13108 -13108 -13108 -13108 -13108 
-13108 -13108 -13108 -13108 -13108 -13108 -13108 -13108 -13108 -13108 
-13108 -13108 -13108 -13108 -13108 -13108 -13108 -13108 -13108 -13108 
-13108 -13108 -13108 -13108 -13108 -13108 -13108 -13108 -13108 -13108 
-13108 -13108 -13108 -13108 -13108 -13108 -13108 -13108 -13108 -13108 
-13108 -13108 -13108 -13108 -13108 -13108 -13108 -13108 -13108 -13108 
-13108 -13108 -13108 -13108 -13108 -13108 -13108 -13108 -13108 -13108 
-13108 -13108 -13108 -13108 -13108 -13108 -13108 -13108 -13108 -13108 
-13108 -13108 -13108 -13108 -13108 -13108 -13108 -13108 -13108 -13108 
-13108 -13108 -13108 -13108 -13108 -13108 -13108 -13108 -13108 -13108 

