numberOfInputs 2
numberOfOutputs 2
numberOfInterNeurons 6
networkDimension 10
networkActivations
-0.868422 -1.012479 0.038890 0.037357 0.038990 0.023834 0.026472 0.023893 19.781475 19.715117 
networkOutputs
0.000000 0.000000 0.038890 0.037357 0.038990 0.023834 0.026472 0.023893 19.781475 19.715117 
neuronThreshold
0.000000 0.000000 0.000000 0.000000 0.000000 0.000000 0.000000 0.000000 0.000000 0.000000 
neuronLearningRate
0.000000 0.000000 0.000000 0.000000 0.000000 0.000000 0.000000 0.000000 0.000000 0.000000 
neuronRefactoryState
0.000000 0.000000 0.000000 0.000000 0.000000 0.000000 0.000000 0.000000 0.000000 0.000000 
neuronWeightTotal
1.000000 1.000000 1.000000 1.000000 1.000000 1.000000 1.000000 1.000000 1.000000 1.000000 
networkweights
0.062500 0.000000 0.625000 0.312500 0.000000 0.000000 0.000000 0.000000 0.000000 0.000000 
0.000000 0.062500 0.000000 0.312500 0.625000 0.000000 0.000000 0.000000 0.000000 0.000000 
0.000000 0.000000 0.054054 0.000000 0.000000 0.540541 0.000000 0.000000 0.405405 0.000000 
0.000000 0.000000 0.000000 0.062500 0.000000 0.000000 0.625000 0.000000 0.156250 0.156250 
0.000000 0.000000 0.000000 0.000000 0.054054 0.000000 0.000000 0.540541 0.000000 0.405405 
0.000000 0.000000 0.000000 0.555556 0.555556 -0.111111 0.000000 0.000000 0.000000 0.000000 
0.000000 0.000000 0.555556 0.000000 0.555556 0.000000 -0.111111 0.000000 0.000000 0.000000 
0.000000 0.000000 0.555556 0.555556 0.000000 0.000000 0.000000 -0.111111 0.000000 0.000000 
0.000000 0.000000 0.000000 0.000000 0.000000 0.000000 0.000000 0.000000 1.000000 0.000000 
0.000000 0.000000 0.000000 0.000000 0.000000 0.000000 0.000000 0.000000 0.000000 1.000000 

networkinputs
-0.818277 -0.951602 
networkoutputs
19.781475 19.715117 
networkplasticweightsmask
1 1 1 1 1 1 1 1 1 1 
1 1 1 1 1 1 1 1 1 1 
1 1 1 1 1 1 1 1 1 1 
1 1 1 1 1 1 1 1 1 1 
1 1 1 1 1 1 1 1 1 1 
1 1 1 1 1 1 1 1 1 1 
1 1 1 1 1 1 1 1 1 1 
1 1 1 1 1 1 1 1 1 1 
1 1 1 1 1 1 1 1 1 1 
1 1 1 1 1 1 1 1 1 1 

