numberOfInputs 2
numberOfOutputs 2
numberOfInterNeurons 6
networkDimension 10
networkActivations
0.000000 0.000000 0.000000 0.000000 0.000000 0.000000 0.000000 0.000000 0.000000 0.000000 
networkOutputs
0.000000 0.000000 0.000000 0.000000 0.000000 0.000000 0.000000 0.000000 0.000000 0.000000 
networkThresholds
0.000000 0.000000 0.000000 0.000000 0.000000 0.000000 0.000000 0.000000 0.000000 0.000000 
networkweights
0.10	0.00	1.00	0.50	0.00	0.00	0.00	0.00	0.00	0.00
0.00	0.10	0.00	0.50	1.00	0.00	0.00	0.00	0.00	0.00
0.00	0.00	0.10	0.00	0.00	1.00	0.00	0.00	0.75	0.00
0.00	0.00	0.00	0.10	0.00	0.00	1.00	0.00	0.25	0.25
0.00	0.00	0.00	0.00	0.10	0.00	0.00	1.00	0.00	0.75
0.00	0.00	0.00	-0.50	-0.50	0.10	0.00	0.00	0.00	0.00
0.00	0.00	-0.50	0.00	-0.50	0.00	0.10	0.00	0.00	0.00
0.00	0.00	-0.50	-0.50	0.00	0.00	0.00	0.10	0.00	0.00
0.00	0.00	0.00	0.00	0.00	0.00	0.00	0.00	0.10	0.00
0.00	0.00	0.00	0.00	0.00	0.00	0.00	0.00	0.00	0.10

networkinputs
-0.734698 -0.879696 
networkoutputs
0.000373 0.000000 
networkplasticweightsmask
0 0 0 0 0 0 0 0 0 0 
0 0 0 0 0 0 0 0 0 0 
0 0 0 0 0 0 0 0 0 0 
0 0 0 0 0 0 0 0 0 0 
0 0 0 0 0 0 0 0 0 0 
0 0 0 0 0 0 0 0 0 0 
0 0 0 0 0 0 0 0 0 0 
0 0 0 0 0 0 0 0 0 0 
0 0 0 0 0 0 0 0 0 0 
0 0 0 0 0 0 0 0 0 0 

