numberOfInputs 2
numberOfOutputs 2
numberOfInterNeurons 6
networkDimension 10
networkActivations
0.000000 0.000000 0.000000 0.000000 0.000000 0.000000 0.000000 0.000000 0.000000 0.000000 
networkOutputs
0.000000 0.000000 0.000000 0.000000 0.000000 0.000000 0.000000 0.000000 0.000000 0.000000 
neuronThreshold
0.000000 0.000000 0.000000 0.000000 0.000000 0.000000 0.000000 0.000000 0.000000 0.000000 
neuronLearningRate
0.000000 0.000000 0.000000 0.000000 0.000000 0.000000 0.000000 0.000000 0.000000 0.000000 
neuronRefactoryState
0.000000 0.000000 0.000000 0.000000 0.000000 0.000000 0.000000 0.000000 0.000000 0.000000 
neuronWeightTotal
1.000000 1.000000 1.000000 1.000000 1.000000 1.000000 1.000000 1.000000 1.000000 1.000000 
networkweights
0.10	0.00	1.00	0.50	0.00	0.00	0.00	0.00	0.00	0.00
0.00	0.10	0.00	0.50	1.00	0.00	0.00	0.00	0.00	0.00
0.00	0.00	0.10	0.00	0.00	1.00	0.00	0.00	0.75	0.00
0.00	0.00	0.00	0.10	0.00	0.00	1.00	0.00	0.25	0.25
0.00	0.00	0.00	0.00	0.10	0.00	0.00	1.00	0.00	0.75
0.00	0.00	0.00	-0.50	-0.50	0.10	0.00	0.00	0.00	0.00
0.00	0.00	-0.50	0.00	-0.50	0.00	0.10	0.00	0.00	0.00
0.00	0.00	-0.50	-0.50	0.00	0.00	0.00	0.10	0.00	0.00
0.00	0.00	0.00	0.00	0.00	0.00	0.00	0.00	0.10	0.00
0.00	0.00	0.00	0.00	0.00	0.00	0.00	0.00	0.00	0.10

networkinputs
-0.818277 -0.951602 
networkoutputs
19.781475 19.715117 
networkplasticweightsmask
1 1 1 1 1 1 1 1 1 1 
1 1 1 1 1 1 1 1 1 1 
1 1 1 1 1 1 1 1 1 1 
1 1 1 1 1 1 1 1 1 1 
1 1 1 1 1 1 1 1 1 1 
1 1 1 1 1 1 1 1 1 1 
1 1 1 1 1 1 1 1 1 1 
1 1 1 1 1 1 1 1 1 1 
1 1 1 1 1 1 1 1 1 1 
1 1 1 1 1 1 1 1 1 1 

