numberOfInputs 3
numberOfOutputs 2
numberOfInterNeurons 4
networkDimension 9
networkActivations
0.000000 0.000000 0.000000 -0.000000 -0.000000 -0.000000 -0.000000 0.000000 0.000000 
networkOutputs
0.000000 0.000000 0.000000 0.000000 0.000000 0.000000 0.000000 0.000000 0.000000 
networkThresholds
0.000000 0.000000 0.000000 0.000000 0.000000 0.000000 0.000000 0.000000 0.000000 
networkweights
0.100000 0.000000 0.000000 0.400000 0.400000 0.300000 0.300000 0.000000 0.000000 
0.000000 0.100000 0.000000 0.300000 0.400000 0.400000 0.300000 0.000000 0.000000 
0.000000 0.000000 0.100000 0.300000 0.300000 0.400000 0.400000 0.000000 0.000000 
0.000000 0.000000 0.000000 0.100000 -0.250000 -0.250000 -0.250000 0.2500000 0.500000 
0.000000 0.000000 0.000000 -0.250000 0.100000 -0.250000 -0.250000 0.3000000 0.500000 
0.000000 0.000000 0.000000 -0.250000 -0.250000 0.100000 -0.250000 0.500000 0.300000 
0.000000 0.000000 0.000000 -0.250000 -0.250000 -0.250000 0.100000 0.500000 0.2500000 
0.000000 0.000000 0.000000 0.000000 0.000000 0.000000 0.000000 0.100000 0.000000 
0.000000 0.000000 0.000000 0.000000 0.000000 0.000000 0.000000 0.000000 0.100000 

networkinputs
0.000000 0.000000 0.000000 
networkoutputs
0.000000 0.000000 
networkplasticweightsmask
0 0 -13108 -13108 -13108 -13108 -13108 -13108 -13108 
-13108 -13108 -13108 -13108 -13108 -13108 -13108 -13108 -13108 
-13108 -13108 -13108 -13108 -13108 -13108 -13108 -13108 -13108 
-13108 -13108 -13108 -13108 -13108 -13108 -13108 -13108 -13108 
-13108 -13108 -13108 -13108 -13108 -13108 -13108 -13108 -13108 
-13108 -13108 -13108 -13108 -13108 -13108 -13108 -13108 -13108 
-13108 -13108 -13108 -13108 -13108 -13108 -13108 -13108 -13108 
-13108 -13108 -13108 -13108 -13108 -13108 -13108 -13108 -13108 
-13108 -13108 -13108 -13108 -13108 -13108 -13108 -13108 -13108 

